_viz_ace_editor = nengo_gui.components.AceEditor()
_viz_net_graph = nengo_gui.components.NetGraph()
_viz_sim_control = nengo_gui.components.SimControl()
_viz_config[_viz_sim_control].kept_time = 4.0
_viz_config[_viz_sim_control].shown_time = 0.5
_viz_config[model].pos=(1.9949319973733282e-17, -0.025242718446601944)
_viz_config[model].size=(1.0, 1.0)
_viz_config[model].expanded=True
_viz_config[model].has_layout=True
_viz_config[model.LLBN].pos=(0.25047971491228066, 0.7930111632304276)
_viz_config[model.LLBN].size=(0.029239766081871347, 0.03745318352059925)
_viz_config[model.OPN].pos=(0.2543859649122807, 0.3857677902621723)
_viz_config[model.OPN].size=(0.029239766081871347, 0.03745318352059925)
_viz_config[model.control].pos=(0.5234603435672514, 0.5347587360459609)
_viz_config[model.control].size=(0.029239766081871347, 0.03745318352059925)
_viz_config[model.deriv].pos=(0.6389528508771924, 0.38364423111886836)
_viz_config[model.deriv].size=(0.029239766081871347, 0.03745318352059925)
_viz_config[model.ensembles[6]].pos=(0.14520285087719217, 0.11133413330424338)
_viz_config[model.ensembles[6]].size=(0.029239766081871347, 0.03745318352059925)
_viz_config[model.ensembles[7]].pos=(0.6782437865497076, 0.1463655867059378)
_viz_config[model.ensembles[7]].size=(0.029239766081871347, 0.03745318352059925)
_viz_config[model.ensembles[8]].pos=(0.5105034722222223, 0.15607432457001552)
_viz_config[model.ensembles[8]].size=(0.029239766081871347, 0.03745318352059925)
_viz_config[model.error].pos=(0.1432748538011696, 0.6067415730337078)
_viz_config[model.error].size=(0.023391812865497078, 0.0299625468164794)
_viz_config[model.internal].expanded=False
_viz_config[model.internal].has_layout=False
_viz_config[model.l_force].pos=(0.7222222222222223, 0.7228464419475655)
_viz_config[model.l_force].size=(0.023391812865497078, 0.0299625468164794)
_viz_config[model.l_integ].pos=(0.3900950292397662, 0.27624450019999275)
_viz_config[model.l_integ].size=(0.029239766081871347, 0.03745318352059925)
_viz_config[model.l_plant].pos=(0.6451068989540397, 0.5415802799820072)
_viz_config[model.l_plant].size=(0.02339180392480036, -2.6188678363056606e-08)
_viz_config[model.l_pos].pos=(0.7222222222222223, 0.9325842696629214)
_viz_config[model.l_pos].size=(0.023391812865497078, 0.0299625468164794)
_viz_config[model.l_vel].pos=(0.7222222222222223, 0.5131086142322098)
_viz_config[model.l_vel].size=(0.023391812865497078, 0.0299625468164794)
_viz_config[model.nodes[3]].pos=(0.5794819078947365, 0.2609286935020549)
_viz_config[model.nodes[3]].size=(0.023391812865497078, 0.0299625468164794)
_viz_config[model.pulse].pos=(0.39947002923976616, 0.8670593796589214)
_viz_config[model.pulse].size=(0.01676907771535583, 0.04167848441874847)
_viz_config[model.target].pos=(0.038011695906432746, 0.6067415730337078)
_viz_config[model.target].size=(0.023391812865497078, 0.0299625468164794)