_viz_ace_editor = nengo_gui.components.AceEditor()
_viz_net_graph = nengo_gui.components.NetGraph()
_viz_sim_control = nengo_gui.components.SimControl()
_viz_config[_viz_sim_control].kept_time = 4.0
_viz_config[_viz_sim_control].shown_time = 0.5
_viz_config[model].pos=(0, 0)
_viz_config[model].size=(1.0, 1.0)
_viz_config[model].expanded=True
_viz_config[model].has_layout=True
_viz_config[model.OPN].pos=(0.3789062499999997, 0.07211718616930675)
_viz_config[model.OPN].size=(0.33333333333333337, 0.03508771929824561)
_viz_config[model.SBG].pos=(0.32122609289617476, 0.4187020950434337)
_viz_config[model.SBG].size=(0.0546448087431694, 0.14035087719298245)
_viz_config[model.SBG].expanded=False
_viz_config[model.SBG].has_layout=False
_viz_config[model.SC_net].pos=(0.09888148907103829, 0.3488332481689671)
_viz_config[model.SC_net].size=(0.0546448087431694, 0.14035087719298245)
_viz_config[model.SC_net].expanded=False
_viz_config[model.SC_net].has_layout=False
_viz_config[model.cbm].pos=(0.317447916666666, 0.8235734968489196)
_viz_config[model.cbm].size=(0.0546448087431694, 0.14035087719298245)
_viz_config[model.cbm].expanded=False
_viz_config[model.cbm].has_layout=False
_viz_config[model.cbm.networks[0]].expanded=False
_viz_config[model.cbm.networks[0]].has_layout=False
_viz_config[model.ensembles[1]].pos=(0.7950819672131146, 0.17543859649122806)
_viz_config[model.ensembles[1]].size=(0.0273224043715847, 0.03508771929824561)
_viz_config[model.ensembles[2]].pos=(0.6857923497267759, 0.17543859649122806)
_viz_config[model.ensembles[2]].size=(0.0273224043715847, 0.03508771929824561)
_viz_config[model.ensembles[3]].pos=(0.5765027322404371, 0.17543859649122806)
_viz_config[model.ensembles[3]].size=(0.0273224043715847, 0.03508771929824561)
_viz_config[model.epos].pos=(0.5765027322404371, 0.5754385964912281)
_viz_config[model.epos].size=(0.02185792349726776, 0.028070175438596492)
_viz_config[model.force].pos=(0.5765027322404371, 0.7719298245614036)
_viz_config[model.force].size=(0.02185792349726776, 0.028070175438596492)
_viz_config[model.internal].expanded=False
_viz_config[model.internal].has_layout=False
_viz_config[model.nodes[2]].pos=(0.4687756147540984, 0.33854539260773275)
_viz_config[model.nodes[2]].size=(0.02185792349726776, 0.028070175438596492)
_viz_config[model.plant].pos=(0.4758068647540983, 0.5231817407596662)
_viz_config[model.plant].size=(0.02185792349726776, 0.028070175438596492)
_viz_config[model.target].pos=(0.09333162419294394, 0.8323283938000335)
_viz_config[model.target].size=(0.02185792200715164, 0.020303185147334365)
_viz_config[model.vel].pos=(0.5765027322404371, 0.37894736842105264)
_viz_config[model.vel].size=(0.02185792349726776, 0.028070175438596492)