_viz_config[CS_net].pos=(0.2704352924778099, 0.5320444060190128)
_viz_config[CS_net].size=(0.10752688172043011, 0.4)
_viz_config[CS_net].expanded=True
_viz_config[CS_net].has_layout=True
_viz_config[CS_net.ens].pos=(0.49999999999999994, 0.5)
_viz_config[CS_net.ens].size=(0.09803921568627451, 0.25)
_viz_config[CS_net.input].pos=(0.10921706435962167, 0.2)
_viz_config[CS_net.input].size=(0.07843137254901959, 0.2)
_viz_config[CS_net.output].pos=(0.8617915818553121, 0.2075011809798592)
_viz_config[CS_net.output].size=(0.07197689020013419, 0.2)
_viz_ace_editor = nengo_gui.components.AceEditorTemplate()
_viz_net_graph = nengo_gui.components.NetGraphTemplate()
_viz_sim_control = nengo_gui.components.SimControlTemplate()
_viz_config[_viz_sim_control].kept_time = 4
_viz_config[_viz_sim_control].shown_time = 0.5
_viz_config[classifier].pos=(0.7498236240573868, 0.5367534777196423)
_viz_config[classifier].size=(0.1, 0.1)
_viz_config[error].pos=(0.9690556113905133, 0.5458537282722447)
_viz_config[error].size=(0.1, 0.1)
_viz_config[input].pos=(0.06619100610439071, 0.036826612355736484)
_viz_config[input].size=(0.043010752688172046, 0.08)
_viz_config[model].pos=(0.025260133076799723, 0.11694927942794286)
_viz_config[model].size=(0.8442598538023351, 0.8442598538023351)
_viz_config[model].expanded=True
_viz_config[model].has_layout=True
_viz_config[retina].pos=(0.06691139560931911, 0.538597782303688)
_viz_config[retina].size=(0.053763440860215055, 0.1)
_viz_config[simple_net].pos=(0.5278325328321014, 0.5313606981217469)
_viz_config[simple_net].size=(0.10752688172043011, 0.4)
_viz_config[simple_net].expanded=True
_viz_config[simple_net].has_layout=True
_viz_config[simple_net.ens].pos=(0.49999999999999994, 0.5)
_viz_config[simple_net.ens].size=(0.09803921568627451, 0.25)
_viz_config[simple_net.input].pos=(0.10061115355233002, 0.2)
_viz_config[simple_net.input].size=(0.07843137254901959, 0.2)
_viz_config[simple_net.output].pos=(0.8338224209750306, 0.20448572923738392)
_viz_config[simple_net.output].size=(0.07843137254901959, 0.2)