_viz_0 = nengo_gui.components.Raster(target)
_viz_config[_viz_0].label_visible = True
_viz_config[_viz_0].width = 0.16004
_viz_config[_viz_0].x = 0.219398
_viz_config[_viz_0].y = 1.1859
_viz_config[_viz_0].height = 0.248062
_viz_2 = nengo_gui.components.Raster(pre_error)
_viz_config[_viz_2].label_visible = True
_viz_config[_viz_2].width = 0.142853
_viz_config[_viz_2].x = 0.241769
_viz_config[_viz_2].y = 0.20831
_viz_config[_viz_2].height = 0.261565
_viz_3 = nengo_gui.components.Raster(error)
_viz_config[_viz_3].label_visible = True
_viz_config[_viz_3].width = 0.142853
_viz_config[_viz_3].x = 0.52597
_viz_config[_viz_3].y = -0.130763
_viz_config[_viz_3].height = 0.26928
_viz_4 = nengo_gui.components.Raster(pre_int)
_viz_config[_viz_4].label_visible = True
_viz_config[_viz_4].width = 0.149531
_viz_config[_viz_4].x = 0.83526
_viz_config[_viz_4].y = -0.101447
_viz_config[_viz_4].height = 0.281597
_viz_6 = nengo_gui.components.Raster(q)
_viz_config[_viz_6].label_visible = True
_viz_config[_viz_6].width = 0.146953
_viz_config[_viz_6].x = 0.94905
_viz_config[_viz_6].y = 1.04799
_viz_config[_viz_6].height = 0.262328
_viz_ace_editor = nengo_gui.components.AceEditor()
_viz_net_graph = nengo_gui.components.NetGraph()
_viz_sim_control = nengo_gui.components.SimControl()
_viz_config[_viz_sim_control].kept_time = 4
_viz_config[_viz_sim_control].shown_time = 0.5
_viz_config[error].pos=(0.5796460176991151, 0.2898550724637681)
_viz_config[error].size=(0.04424778761061946, 0.14492753623188406)
_viz_config[model].pos=(0.6814049239487273, 0.5986127619138327)
_viz_config[model].size=(0.4730242918389163, 0.4730242918389163)
_viz_config[model].expanded=True
_viz_config[model].has_layout=True
_viz_config[pre_error].pos=(0.4026548672566371, 0.7294337626947188)
_viz_config[pre_error].size=(0.04424778761061946, 0.14492753623188406)
_viz_config[pre_int].pos=(0.7566371681415929, 0.2898550724637681)
_viz_config[pre_int].size=(0.04424778761061946, 0.14492753623188406)
_viz_config[q].pos=(0.7612867207879267, 0.721750343396966)
_viz_config[q].size=(0.04424778761061946, 0.14492753623188406)
_viz_config[q_id].pos=(0.6002632580203177, 1.1078137266849457)
_viz_config[q_id].size=(0.1, 0.1)
_viz_config[quat_in].pos=(0.03002220411012835, 0.7255759956630214)
_viz_config[quat_in].size=(0.035398230088495575, 0.11594202898550725)
_viz_config[target].pos=(0.22394497182767947, 0.7294337626947188)
_viz_config[target].size=(0.03565940341026448, 0.08003844196099509)