_viz_config[LLBN].pos=(0.8943661971830986, 0.7916666666666666)
_viz_config[LLBN].size=(0.07042253521126761, 0.10416666666666666)
_viz_0 = nengo_gui.components.Raster(model.SC)
_viz_config[_viz_0].label_visible = True
_viz_config[_viz_0].width = 0.0813008
_viz_config[_viz_0].x = 0.493668
_viz_config[_viz_0].y = 0.228786
_viz_config[_viz_0].height = 0.182482
_viz_1 = nengo_gui.components.Raster(LLBN)
_viz_config[_viz_1].label_visible = True
_viz_config[_viz_1].width = 0.0813008
_viz_config[_viz_1].x = 0.67048
_viz_config[_viz_1].y = 0.82649
_viz_config[_viz_1].height = 0.182482
_viz_2 = nengo_gui.components.XYValue(LLBN)
_viz_config[_viz_2].index_x = 0
_viz_config[_viz_2].index_y = 1
_viz_config[_viz_2].max_value = 1
_viz_config[_viz_2].min_value = -1
_viz_config[_viz_2].height = 0.182482
_viz_config[_viz_2].label_visible = True
_viz_config[_viz_2].width = 0.0813008
_viz_config[_viz_2].y = 0.392184
_viz_config[_viz_2].x = 0.860724
_viz_ace_editor = nengo_gui.components.AceEditor()
_viz_net_graph = nengo_gui.components.NetGraph()
_viz_sim_control = nengo_gui.components.SimControl()
_viz_config[_viz_sim_control].kept_time = 4
_viz_config[_viz_sim_control].shown_time = 0.5
_viz_config[in_node].pos=(0.0915492957746479, 0.48958333333333326)
_viz_config[in_node].size=(0.05633802816901409, 0.08333333333333333)
_viz_config[model].pos=(-0.04227642276422766, -0.021897810218978124)
_viz_config[model].size=(1.0, 1.0)
_viz_config[model].expanded=True
_viz_config[model].has_layout=True
_viz_config[model.FS_input].pos=(0.3450704225352113, 0.48958333333333326)
_viz_config[model.FS_input].size=(0.05633802816901409, 0.08333333333333333)
_viz_config[model.FS_output].pos=(0.7382686362074888, -0.05885036496350365)
_viz_config[model.FS_output].size=(0.05633802816901409, 0.08333333333333333)
_viz_config[model.SC].pos=(0.6126760563380281, 0.48958333333333326)
_viz_config[model.SC].size=(0.07042253521126761, 0.10416666666666666)